20070621 17.62 44.0 -3.0 0.794551645857
20080329 19.17 45.0 -1.0 0.678142931664
20080720 17.73 53.0 -33.0 6.99379582628
20080901 19.75 26.0 -13.0 3.67088607595
20090521 19.72 103.0 -67.0 1.92697768763
20090620 18.97 50.0 -28.0 2.55666842383
20090709 17.98 43.0 -18.0 10.5672969967
20090712 16.5 62.0 -47.0 6.93939393939
20090811 17.75 12.0 -2.0 6.39436619718
20100518 19.5 57.0 -39.0 3.02564102564
20100702 15.08 66.0 -15.0 3.84615384615
20100825 17.33 14.0 -3.0 2.91402192729
20100909 15.33 23.0 -1.0 5.90345727332
20100911 15.27 14.0 -4.0 4.48592010478
20100921 17.5 19.0 -2.0 14.8285714286
20110407 18.83 59.0 -40.0 0.371747211896
20110430 17.58 53.0 -11.0 3.92491467577
20110624 20.0 20.0 -5.0 0.525
20110625 15.0 15.0 -9.0 2.46666666667
20110626 15.17 6.0 -1.0 2.63678312459
20110629 19.67 69.0 -52.0 8.99847483477
20110703 19.58 101.0 -75.0 5.873340143
20110714 18.17 16.0 -5.0 2.0913593836
20111130 17.25 47.0 -42.0 1.73913043478
20120323 19.58 90.0 -59.0 1.12359550562
20120421 16.17 38.0 -25.0 2.93753865182
20120425 18.08 88.0 -39.0 1.54867256637
20120705 15.25 68.0 -37.0 4.72131147541
20120706 18.33 31.0 -20.0 5.59192580469
20120917 18.92 12.0 -5.0 4.51902748414
20121027 17.5 58.0 -27.0 2.51428571429
20121214 17.58 84.0 -35.0 1.05233219568
20130201 15.67 77.0 -42.0 2.96745373325
20130402 15.0 68.0 -37.0 0.566666666667
20130527 19.08 88.0 -30.0 2.96121593291
20130618 19.92 26.0 -2.0 0.602409638554
20130708 18.67 41.0 -25.0 3.64220674879
20130712 20.0 37.0 -14.0 3.7
20131209 15.08 48.0 -14.0 0.928381962865
20140208 19.5 19.0 -9.0 0.220512820513
20140427 20.0 55.0 -30.0 0.425
20140603 15.58 83.0 -58.0 2.11810012837
20140724 15.25 16.0 -6.0 3.14754098361
20140803 15.58 12.0 -3.0 0.834403080873
20140806 15.75 47.0 -5.0 0.666666666667
20140903 16.92 18.0 -12.0 3.39834515366
20141021 15.67 30.0 -16.0 1.18059987237
20150221 16.25 49.0 -25.0 0.492307692308
20150724 19.58 23.0 -11.0 1.35342185904
20150825 16.3 25.0 -18.0 0.337423312883
20151114 15.33 13.0 -2.0 0.228310502283
20161222 18.83 49.0 -16.0 1.24800849708
20170405 15.5 66.0 -19.0 2.41935483871
