20070512 14.28 102.0 -39.0 1.40056022409
20070516 10.47 126.0 -38.0 4.01146131805
20070524 14.23 55.0 -2.0 3.44342937456
20070628 10.63 102.0 -24.0 2.06961429915
20070629 10.7 78.0 -2.0 0.373831775701
20070901 14.6 27.0 -5.0 1.50684931507
20080111 11.92 49.0 -5.0 0.562080536913
20080422 13.73 54.0 -1.0 0.582665695557
20080528 12.08 73.0 -24.0 4.26324503311
20080719 13.55 68.0 -15.0 8.0073800738
20080726 12.78 16.0 -1.0 2.50391236307
20081022 10.22 56.0 -29.0 0.782778864971
20081127 11.45 50.0 -16.0 1.13537117904
20090213 11.97 127.0 -79.0 2.88220551378
20090313 11.78 41.0 -11.0 1.65534804754
20090420 13.18 55.0 -20.0 2.92109256449
20090609 14.58 57.0 -1.0 1.74897119342
20090717 11.92 59.0 -31.0 4.73993288591
20090812 14.75 10.0 -1.0 5.45762711864
20091108 11.23 70.0 -49.0 3.02760463045
20091210 11.73 68.0 -39.0 0.213128729753
20100104 13.03 50.0 -12.0 1.08979278588
20100209 14.75 66.0 -3.0 0.813559322034
20100211 13.33 32.0 -24.0 0.787696924231
20100225 11.48 92.0 -54.0 2.30836236934
20100301 14.37 61.0 -35.0 1.18302018093
20100331 11.13 69.0 -35.0 0.853548966757
20100523 12.5 85.0 -76.0 1.72
20100630 10.53 66.0 -13.0 0.902184235518
20100703 10.0 51.0 -25.0 0.55
20100716 12.28 55.0 -28.0 4.64169381107
20100807 12.78 20.0 -3.0 6.53364632238
20100829 13.33 23.0 -13.0 7.42685671418
20100901 10.67 39.0 -23.0 1.35895032802
20100902 10.33 16.0 -3.0 3.58180058083
20100919 10.83 44.0 -12.0 1.61588180979
20100920 10.83 32.0 -13.0 2.35457063712
20101002 10.33 41.0 -9.0 1.45208131655
20110228 11.58 24.0 -13.0 0.0431778929188
20110422 13.95 60.0 -34.0 1.36200716846
20110622 13.83 45.0 -12.0 1.15690527838
20110625 15.0 15.0 -9.0 2.46666666667
20110630 10.67 17.0 -2.0 4.31115276476
20110707 14.08 59.0 -14.0 3.01846590909
20110724 10.92 57.0 -2.0 0.732600732601
20110731 14.75 41.0 -23.0 4.94915254237
20110812 14.67 23.0 -1.0 1.32924335378
20110817 12.0 62.0 -40.0 0.333333333333
20110909 10.5 34.0 -5.0 0.238095238095
20110929 11.5 26.0 -6.0 1.95652173913
20111106 10.25 23.0 -13.0 1.17073170732
20111118 10.5 68.0 -23.0 0.571428571429
20120305 11.58 15.0 -6.0 0.604490500864
20120402 10.33 95.0 -5.0 2.12971926428
20120403 13.33 90.0 -66.0 2.6256564141
20120514 12.25 68.0 -16.0 0.530612244898
20120630 14.58 42.0 -31.0 4.76680384088
20120711 10.5 49.0 -26.0 0.761904761905
20120714 10.83 35.0 -24.0 0.738688827331
20120812 13.0 36.0 -10.0 1.30769230769
20120815 13.83 18.0 -8.0 9.86984815618
20120828 14.75 15.0 -4.0 0.915254237288
20120904 12.67 53.0 -22.0 4.38042620363
20121022 10.83 52.0 -15.0 3.64727608495
20121111 14.67 34.0 -20.0 1.90865712338
20130402 15.0 68.0 -37.0 0.566666666667
20130423 12.92 65.0 -19.0 0.425696594427
20130510 10.42 64.0 -32.0 2.1113243762
20130528 11.42 58.0 -42.0 1.00700525394
20130612 12.5 25.0 -13.0 0.52
20130702 13.75 49.0 -16.0 3.74545454545
20130713 13.67 23.0 -9.0 12.070226774
20130911 13.87 71.0 -44.0 2.63157894737
20130913 12.37 33.0 -14.0 4.04203718674
20130929 10.33 45.0 -29.0 1.83930300097
20140525 11.47 66.0 -18.0 1.83086312119
20140611 10.63 29.0 -9.0 1.78739416745
20140703 13.12 65.0 -42.0 0.15243902439
20140723 13.42 17.0 -1.0 4.09836065574
20140818 13.58 28.0 -17.0 0.846833578792
20140821 14.83 31.0 -17.0 3.13553607552
20141020 12.33 54.0 -24.0 1.74371451744
20141128 12.15 46.0 -21.0 1.48148148148
20150419 12.5 57.0 -26.0 0.96
20150420 12.5 31.0 -16.0 0.44
20150429 12.67 43.0 -1.0 0.276243093923
20150503 11.0 35.0 -7.0 0.318181818182
20150605 10.17 36.0 -8.0 0.0983284169125
20150626 12.35 37.0 -27.0 1.01214574899
20151113 14.67 17.0 -4.0 1.53374233129
20151118 10.83 19.0 -11.0 0.50784856879
20151203 12.17 56.0 -35.0 0.583401807724
20160213 14.1 37.0 -19.0 1.48936170213
20160305 10.87 73.0 -51.0 3.67985280589
20160506 11.87 58.0 -13.0 0.800336983993
20160615 11.0 51.0 -17.0 1.40909090909
20160701 13.03 27.0 -7.0 8.32693783576
20160704 13.67 38.0 -15.0 2.1580102414
20170129 13.2 35.0 -6.0 0.340909090909
20170222 10.92 48.0 -7.0 0.467032967033
