20070701 21.55 56.0 -39.0 1.43851508121
20080323 24.0 61.0 -36.0 1.14583333333
20080618 20.2 21.0 7.0 2.27722772277
20080724 21.75 103.0 -76.0 5.86206896552
20080822 20.43 15.0 0.0 3.54870288791
20090511 21.8 56.0 -13.0 1.67431192661
20090516 23.23 97.0 -74.0 0.925527335342
20090714 20.97 21.0 -11.0 6.70004768717
20100120 21.15 98.0 -28.0 0.330969267139
20100612 22.17 51.0 -26.0 3.20252593595
20100717 20.42 27.0 -17.0 4.38295788443
20100910 21.25 22.0 -8.0 3.50588235294
20110227 21.83 48.0 -24.0 1.30554283097
20110623 22.33 33.0 -13.0 1.83609493954
20110624 20.0 20.0 -5.0 0.525
20110711 20.25 19.0 -9.0 2.0987654321
20110727 23.5 34.0 -25.0 12.829787234
20120422 21.5 13.0 -4.0 0.418604651163
20120715 23.75 11.0 -5.0 1.36842105263
20120820 20.75 15.0 -6.0 2.86746987952
20120830 20.67 41.0 -8.0 1.66908563135
20130121 20.25 108.0 -76.0 0.814814814815
20130406 20.83 151.0 -91.0 0.672107537206
20130712 20.0 37.0 -14.0 3.7
20140427 20.0 55.0 -30.0 0.425
20140428 23.58 25.0 -13.0 0.572519083969
20150216 23.5 78.0 -37.0 0.446808510638
20150414 21.42 26.0 -7.0 0.490196078431
20150712 24.0 22.0 -14.0 1.20833333333
20151107 24.0 52.0 -42.0 1.02083333333
20151108 22.67 10.0 -5.0 0.463167181297
20160716 22.25 18.0 -8.0 2.08988764045
