20070701 21.55 56.0 -39.0 31.0
20080323 24.0 61.0 -36.0 27.5
20080618 20.2 21.0 7.0 46.0
20080724 21.75 103.0 -76.0 127.5
20080822 20.43 15.0 0.0 72.5
20090511 21.8 56.0 -13.0 36.5
20090516 23.23 97.0 -74.0 21.5
20090714 20.97 21.0 -11.0 140.5
20100120 21.15 98.0 -28.0 7.0
20100612 22.17 51.0 -26.0 71.0
20100717 20.42 27.0 -17.0 89.5
20100910 21.25 22.0 -8.0 74.5
20110227 21.83 48.0 -24.0 28.5
20110623 22.33 33.0 -13.0 41.0
20110624 20.0 20.0 -5.0 10.5
20110711 20.25 19.0 -9.0 42.5
20110727 23.5 34.0 -25.0 301.5
20120422 21.5 13.0 -4.0 9.0
20120715 23.75 11.0 -5.0 32.5
20120820 20.75 15.0 -6.0 59.5
20120830 20.67 41.0 -8.0 34.5
20130121 20.25 108.0 -76.0 16.5
20130406 20.83 151.0 -91.0 14.0
20130712 20.0 37.0 -14.0 74.0
20140427 20.0 55.0 -30.0 8.5
20140428 23.58 25.0 -13.0 13.5
20150216 23.5 78.0 -37.0 10.5
20150414 21.42 26.0 -7.0 10.5
20150712 24.0 22.0 -14.0 29.0
20151107 24.0 52.0 -42.0 24.5
20151108 22.67 10.0 -5.0 10.5
20160716 22.25 18.0 -8.0 46.5
